222.000000
0.012971
0.012788
0.012499
0.012419
0.012229
0.012188
0.012020
0.011981
0.011964
0.011888
0.011779
0.011710
0.011657
0.011554
0.011550
0.011545
0.011539
0.011538
0.011529
0.011505
0.011440
0.011337
0.011318
0.011297
0.011248
0.011214
0.011190
0.011164
0.011072
0.011065
0.011035
0.011027
0.011022
0.011018
0.010979
0.010948
0.010926
0.010772
0.010771
0.010764
0.010733
0.010725
0.010706
0.010702
0.010667
0.010653
0.010637
0.010612
0.010589
0.010587
0.010537
0.010534
0.010530
0.010512
0.010505
0.010505
0.010500
0.010483
0.010448
0.010430
0.010424
0.010383
0.010382
0.010363
0.010356
0.010347
0.010292
0.010287
0.010251
0.010250
0.010250
0.010239
0.010220
0.010189
0.010187
0.010186
0.010163
0.010161
0.010151
0.010147
0.010140
0.010130
0.010107
0.010105
0.010105
0.010069
0.010068
0.010060
0.010055
0.010052
0.010039
0.010038
0.010034
0.010029
0.010018
0.010014
0.010011
0.010001
0.009996
0.009996
0.009994
0.009989
0.009964
0.009944
0.009931
0.009928
0.009906
0.009901
0.009890
0.009878
0.009851
0.009838
0.009811
0.009808
0.009802
0.009777
0.009762
0.009752
0.009741
0.009709
0.009695
0.009681
0.009680
0.009674
0.009644
0.009625
0.009621
0.009617
0.009607
0.009602
0.009599
0.009575
0.009575
0.009567
0.009559
0.009556
0.009531
0.009526
0.009526
0.009525
0.009519
0.009492
0.009492
0.009461
0.009456
0.009446
0.009439
0.009437
0.009425
0.009399
0.009379
0.009335
0.009317
0.009316
0.009309
0.009301
0.009299
0.009287
0.009285
0.009261
0.009252
0.009250
0.009248
0.009220
0.009199
0.009186
0.009162
0.009150
0.009114
0.009100
0.009080
0.009078
0.009066
0.009065
0.009056
0.009048
0.009044
0.008972
0.008960
0.008950
0.008948
0.008948
0.008917
0.008908
0.008853
0.008837
0.008834
0.008820
0.008788
0.008776
0.008759
0.008732
0.008712
0.008703
0.008694
0.008681
0.008670
0.008609
0.008605
0.008562
0.008553
0.008532
0.008417
0.008390
0.008375
0.008354
0.008333
0.008306
0.008295
0.008286
0.008280
0.008239
0.008233
0.008228
0.008201
0.008130
0.008023
0.007925
0.007754
0.007738
0.007441
0.007422
-0.085536
-0.150000
0.121554
-0.056735
-0.106262
-0.150000
-0.150000
0.118189
-0.085974
0.035947
-0.033615
-0.150000
-0.038764
-0.049617
-0.150000
-0.146617
0.092284
-0.150000
-0.150000
-0.009870
0.007517
-0.128429
-0.070955
-0.150000
-0.150000
-0.145912
-0.144556
-0.109008
-0.150000
-0.117907
-0.057702
-0.150000
-0.074613
-0.150000
-0.101348
-0.053356
0.101990
-0.150000
0.096932
-0.150000
0.092298
-0.039966
0.071050
-0.150000
-0.076203
-0.123580
-0.115729
-0.150000
0.034609
-0.150000
-0.001655
-0.150000
-0.006711
-0.074116
-0.150000
0.013815
-0.025200
0.131353
-0.150000
0.041978
-0.150000
-0.108767
-0.129593
-0.015251
0.028991
-0.150000
-0.114973
-0.150000
0.005343
0.040139
-0.136842
-0.150000
-0.150000
0.042553
0.083212
-0.035537
-0.150000
-0.107607
0.057412
-0.150000
-0.039822
-0.032251
0.091833
-0.150000
-0.138098
0.020869
-0.150000
-0.008732
-0.004725
-0.150000
-0.150000
-0.050153
-0.005480
-0.150000
0.015734
-0.089827
0.006984
-0.089829
-0.150000
-0.150000
0.107606
0.080414
-0.115604
-0.012140
-0.150000
0.093161
-0.101237
-0.150000
-0.065067
-0.145476
-0.150000
0.123758
-0.072307
-0.150000
-0.022191
-0.150000
-0.129489
-0.094706
-0.150000
-0.036601
-0.150000
-0.066215
0.040051
-0.069964
-0.150000
0.008677
-0.095954
0.023325
-0.150000
-0.150000
-0.093287
0.077996
-0.120428
-0.150000
-0.072748
-0.018111
-0.150000
-0.018398
0.065054
0.050738
-0.150000
0.041673
-0.109625
-0.150000
-0.015519
-0.129725
-0.150000
-0.150000
0.037696
-0.036794
-0.150000
-0.136659
-0.097371
-0.150000
0.080080
0.090317
0.113541
0.022221
-0.150000
0.006893
-0.060186
-0.150000
0.020858
-0.150000
0.057189
-0.098967
-0.140552
-0.150000
-0.076202
-0.061765
-0.150000
-0.150000
0.143986
0.020501
-0.111530
-0.087493
-0.150000
0.008151
-0.150000
-0.113664
-0.083198
-0.150000
0.077059
-0.150000
-0.038619
-0.083501
-0.150000
-0.012581
0.037781
0.096913
0.116945
-0.150000
-0.129442
-0.038540
-0.150000
-0.150000
-0.149840
0.034911
-0.075155
-0.086767
-0.150000
0.015547
-0.129241
-0.150000
-0.065953
0.037130
-0.150000
-0.150000
0.027207
0.044948
0.020298
-0.150000
-0.135584
0.086688
-0.150000
0.052614
-0.069950
0.000016
-0.150000
-0.150000
-0.045928
-0.045637
-0.150000
-0.109223
-0.015066
0.000603
0.106988
-0.150000
-0.150000
0.008739
-0.136853
0.031965
0.027027
-0.150000
-0.150000
-0.034218
0.065766
0.024400
0.053543
-0.150000
-0.150000
0.043158
-0.094801
-0.129376
0.066351
-0.150000
-0.001199
0.058878
-0.150000
-0.021316
-0.089300
-0.150000
-0.145300
-0.150000
0.004838
-0.047822
-0.150000
-0.002804
0.093426
-0.150000
-0.107056
-0.049455
-0.014041
-0.150000
-0.085926
-0.150000
-0.061333
-0.145297
-0.150000
-0.025076
-0.150000
-0.104715
0.017039
-0.148373
-0.150000
0.076140
0.137083
0.103270
-0.150000
-0.150000
-0.085098
-0.076277
0.062518
-0.037741
-0.150000
0.053484
0.004619
-0.150000
-0.019704
-0.150000
0.073958
-0.150000
-0.059325
-0.122475
0.020626
-0.150000
0.026442
0.103402
-0.150000
-0.040829
0.053324
0.095175
-0.150000
-0.150000
0.065982
-0.127631
0.127855
-0.150000
-0.055534
-0.050189
-0.150000
0.075353
-0.150000
-0.137251
-0.049495
-0.120520
0.135222
-0.150000
-0.101919
0.095791
-0.150000
-0.080249
0.070529
-0.150000
0.091571
-0.135026
-0.150000
-0.092841
-0.028496
-0.150000
0.100941
-0.150000
-0.011186
0.093684
-0.029096
-0.150000
0.036968
-0.150000
-0.085350
-0.150000
0.075199
0.007835
-0.150000
-0.080329
-0.003916
-0.150000
0.050386
0.024358
-0.078478
-0.150000
-0.125380
0.032019
0.099843
-0.150000
0.033362
-0.070102
-0.150000
0.063037
-0.081513
-0.150000
-0.150000
0.134123
-0.108138
-0.150000
-0.138345
0.116243
0.022478
-0.150000
0.110064
-0.098081
0.048321
-0.150000
-0.022190
-0.064391
-0.150000
0.048317
0.066209
-0.150000
-0.150000
-0.073188
0.117802
-0.150000
-0.069592
-0.101353
-0.004340
-0.150000
-0.041827
-0.150000
-0.067201
-0.041313
-0.115471
-0.150000
0.070209
0.091096
-0.006496
-0.150000
-0.150000
-0.013142
-0.114223
-0.150000
0.099000
0.038683
-0.010329
-0.039724
-0.150000
-0.150000
0.088910
-0.083964
0.009588
-0.150000
-0.074217
-0.054757
-0.150000
0.110023
-0.010419
-0.150000
0.037596
-0.150000
0.076260
0.127313
-0.025364
0.056509
-0.150000
-0.150000
-0.121888
0.033191
0.145967
-0.103304
-0.150000
-0.150000
0.048641
-0.055522
-0.134840
-0.150000
-0.046875
-0.133249
-0.150000
0.135453
0.016913
-0.006352
-0.150000
0.096983
0.069540
-0.150000
0.047782
0.130842
-0.150000
0.062413
-0.150000
-0.126697
-0.028434
-0.113154
-0.150000
0.085294
0.013087
-0.150000
0.049212
-0.150000
0.063997
-0.150000
0.125831
0.136747
0.073171
-0.055892
-0.150000
0.070279
-0.150000
-0.002766
0.114510
-0.119049
-0.150000
-0.150000
-0.104132
0.098424
-0.055218
0.071131
-0.150000
0.131823
-0.150000
-0.018469
-0.150000
-0.082996
0.057357
-0.150000
-0.010040
0.069127
-0.149909
-0.019772
-0.150000
-0.031438
-0.150000
-0.073425
0.129876
-0.034690
-0.150000
0.078147
0.080778
-0.150000
-0.074451
-0.150000
0.045407
-0.150000
-0.056407
-0.147482
0.040682
-0.150000
0.097633
-0.150000
0.019294
0.118018
0.101585
-0.150000
0.032041
0.090251
-0.072628
-0.150000
-0.150000
0.124057
-0.147317
-0.072140
-0.036199
-0.150000
-0.150000
0.115744
0.006092
-0.071159
0.103776
-0.150000
0.121824
-0.150000
-0.086891
0.008238
0.023966
-0.150000
-0.095081
0.123169
-0.150000
-0.101819
-0.054218
-0.150000
-0.150000
-0.041093
0.032874
-0.150000
0.041631
-0.123119
0.076565
-0.150000
0.118975
-0.150000
0.021810
0.012352
0.112564
-0.148105
-0.150000
-0.150000
0.125761
0.051611
0.068922
-0.149738
-0.150000
-0.118803
0.108261
-0.150000
-0.122980
-0.142764
-0.150000
-0.150000
-0.005488
0.113357
0.136424
-0.150000
0.093500
-0.057838
-0.150000
-0.044162
-0.089247
-0.110109
-0.150000
0.008776
-0.150000
0.076793
-0.150000
0.016750
0.091001
-0.049093
-0.078737
-0.150000
-0.150000
-0.020890
-0.037469
-0.037510
-0.150000
0.032032
0.106454
-0.150000
-0.128503
-0.142101
-0.103205
-0.150000
-0.150000
0.049729
0.125414
-0.137378
-0.150000
-0.107104
0.074538
0.027852
-0.150000
-0.142856
0.044087
-0.150000
-0.041133
-0.140041
-0.150000
-0.102403
-0.150000
-0.013547
-0.095799
-0.150000
0.043650
-0.150000
0.079943
0.051312
0.012693
-0.030940
-0.150000
-0.150000
0.115334
-0.054162
-0.046785
0.108344
-0.150000
0.056860
-0.150000
0.036506
0.102333
0.093445
-0.150000
-0.021046
-0.150000
0.101200
0.113634
-0.004420
-0.150000
-0.060687
0.130538
-0.150000
-0.150000
-0.117171
-0.104296
0.064810
-0.012383
-0.150000
0.001475
0.129836
-0.150000
-0.150000
-0.087542
0.132819
0.118701
0.130114
-0.150000
-0.150000
-0.051606
0.094866
-0.065421
-0.129886
0.150000
0.150000
0.100473
0.142367
-0.118189
0.150000
-0.040986
0.150000
0.080437
0.011295
0.150000
0.139148
0.116953
-0.088900
0.150000
-0.068377
-0.049249
0.090881
0.150000
0.083703
0.141177
0.150000
0.058283
0.062371
0.150000
0.080431
0.039439
0.150000
0.101123
0.008825
0.150000
-0.006206
0.042446
0.150000
0.139514
-0.112475
0.150000
-0.092298
0.150000
0.041637
0.150000
-0.071050
0.035448
0.088552
0.096403
0.150000
0.141845
-0.042764
0.150000
0.006711
0.150000
0.147507
-0.026115
0.137700
0.150000
0.150000
-0.131353
0.068349
0.047702
0.088936
0.150000
0.105757
0.150000
0.021132
-0.012685
-0.047712
0.150000
0.150000
-0.026981
0.005368
-0.102774
0.089779
0.150000
0.146619
0.032156
0.150000
0.150000
-0.057412
0.091117
0.025916
0.150000
-0.067739
-0.008966
0.150000
0.032619
0.145992
0.150000
0.068814
-0.040059
0.059788
0.150000
-0.015734
0.150000
0.100053
0.150000
0.053187
0.052255
-0.107606
0.150000
0.140369
0.046536
0.150000
0.079301
0.150000
-0.044397
-0.069617
0.147065
0.066656
0.150000
0.150000
-0.046065
-0.112888
0.150000
0.022191
0.114025
0.037241
-0.018053
0.150000
-0.072254
0.011531
0.150000
0.029966
-0.050069
0.150000
0.030721
0.150000
0.029146
-0.099085
-0.042372
0.150000
0.037078
0.007506
0.150000
0.100964
-0.030924
0.150000
0.150000
0.135685
-0.029868
0.150000
-0.001298
0.003197
0.150000
0.035793
0.084079
-0.037696
0.150000
0.122028
0.024917
0.038258
0.150000
-0.107798
0.122282
0.150000
0.150000
0.058681
-0.098439
0.150000
0.082922
0.052384
0.086485
-0.084373
0.150000
0.113165
0.071580
0.150000
0.135562
0.150000
0.149481
-0.143986
0.150000
0.029006
0.100602
0.124639
0.150000
0.150000
-0.008151
0.086940
-0.031621
-0.098423
0.150000
0.015110
0.126491
0.150000
-0.070649
0.066770
0.150000
0.129968
0.150000
-0.103254
0.059098
0.150000
0.116637
-0.068620
-0.068460
0.150000
0.136977
0.125365
0.150000
0.150000
0.005212
0.040146
0.046917
0.150000
0.009623
-0.075717
0.101490
0.150000
0.150000
-0.020298
0.047843
0.150000
-0.086688
0.142150
0.080034
0.150000
0.062109
-0.011664
0.092408
0.150000
-0.033281
0.007497
0.150000
0.043615
0.150000
-0.089171
-0.008739
0.150000
0.062921
0.150000
0.145062
0.016926
-0.090438
0.025345
0.150000
0.120857
0.150000
-0.013589
-0.043158
0.150000
0.056297
-0.045727
0.150000
-0.031703
0.089923
0.150000
-0.021134
0.150000
0.082016
0.092278
-0.042655
-0.047355
0.150000
0.060227
-0.041951
0.150000
0.150000
-0.093426
-0.027049
0.114586
0.150000
0.081989
0.063509
-0.000565
0.150000
-0.021499
-0.026202
0.150000
-0.055982
-0.010697
0.150000
-0.096146
-0.097773
0.150000
0.150000
0.116187
-0.131733
0.010002
0.074904
0.150000
0.150000
0.049741
-0.026282
0.150000
0.101135
-0.013505
0.034066
-0.096230
0.150000
0.042669
0.133344
0.150000
0.107995
-0.062631
0.150000
0.150000
-0.103402
0.025071
0.108149
0.150000
-0.072466
-0.065982
0.150000
-0.008812
0.150000
-0.127855
-0.024216
0.002595
-0.097216
0.150000
-0.008936
0.003813
0.150000
-0.105742
0.150000
-0.129100
-0.047709
0.150000
-0.073336
-0.000778
0.150000
-0.037611
0.150000
-0.076597
-0.067369
0.085655
0.150000
0.102432
0.150000
-0.100941
0.058195
0.150000
0.027220
-0.070357
0.150000
-0.036968
0.074502
-0.075199
0.150000
0.113621
-0.041165
0.028506
0.150000
-0.061158
0.139228
0.150000
0.116245
0.044723
0.150000
0.082177
0.150000
-0.079067
0.150000
0.046536
0.014951
0.150000
0.005451
-0.027015
-0.134123
0.150000
-0.085684
-0.126130
-0.114475
0.150000
0.050717
-0.121761
0.150000
0.003598
0.150000
-0.006205
0.150000
0.107799
0.093514
0.132108
0.150000
-0.031502
-0.127233
-0.050421
0.150000
0.027733
0.108142
0.150000
0.131302
-0.014358
0.150000
-0.014721
0.068077
0.150000
-0.059050
-0.093579
0.150000
0.150000
0.052408
-0.066697
0.013142
0.150000
0.116494
-0.099000
0.150000
0.110807
0.150000
0.120605
0.076739
-0.088910
0.150000
0.002431
0.150000
-0.009588
0.124355
-0.026489
-0.121732
0.150000
0.069062
-0.070519
0.150000
-0.133958
0.092302
0.150000
0.068127
0.150000
-0.017784
-0.067403
-0.039291
0.150000
0.150000
-0.099271
-0.144297
-0.048641
0.150000
0.087821
0.004371
-0.010789
0.150000
-0.122963
-0.139714
0.150000
0.150000
0.126736
0.038214
0.150000
0.122556
-0.075023
0.066941
0.150000
-0.122906
0.150000
-0.062413
-0.002830
0.150000
0.065280
0.102344
0.150000
0.077793
-0.058492
0.110025
-0.089187
0.150000
-0.140628
0.135202
0.150000
0.150000
0.020937
-0.041348
0.150000
-0.070279
0.109976
0.150000
-0.083559
-0.099810
-0.113530
-0.067662
0.150000
0.023651
0.150000
-0.038463
0.150000
-0.131823
0.007237
-0.084492
-0.017487
0.150000
-0.092814
0.047146
0.150000
0.019862
0.150000
0.090093
0.126547
0.007985
0.150000
0.150000
-0.014566
-0.121540
0.147369
0.150000
-0.052105
-0.000493
-0.076042
0.150000
0.056407
0.150000
0.144421
0.077711
-0.112971
0.150000
-0.127385
0.041909
0.150000
0.150000
-0.101585
0.100510
0.150000
-0.012879
-0.065503
-0.124057
0.150000
-0.110628
0.114060
0.150000
0.113326
-0.115744
0.150000
0.054537
-0.024936
0.150000
-0.084630
0.150000
-0.121824
-0.047044
0.134272
0.150000
0.028240
-0.068250
0.150000
-0.112055
0.102399
0.150000
0.138808
-0.067179
0.041728
0.150000
-0.041631
0.150000
0.030138
0.098503
-0.128062
0.150000
-0.052668
0.119142
0.150000
0.150000
-0.110669
-0.097058
-0.125761
0.150000
0.085890
0.150000
-0.068660
-0.035338
-0.077064
0.150000
-0.090972
0.089153
0.069368
0.150000
-0.124089
0.020422
0.150000
0.150000
-0.136424
0.112699
0.079455
-0.012707
0.150000
0.122885
0.102023
0.150000
0.060542
-0.098234
0.150000
-0.108282
0.058469
0.150000
0.150000
0.120356
0.131560
-0.017440
0.111670
0.150000
0.045906
-0.066584
0.150000
0.150000
-0.106454
-0.066920
0.070031
0.108927
0.150000
-0.132615
0.067114
0.150000
0.044422
0.031800
0.150000
0.150000
0.103314
-0.043281
-0.036943
0.150000
-0.000216
0.150000
0.051092
0.120302
0.013242
-0.034355
0.150000
-0.020598
-0.074799
0.150000
-0.080217
0.149726
0.150000
0.150000
0.106367
0.044181
-0.115334
0.150000
-0.005137
-0.005129
0.150000
-0.091090
0.137112
-0.069748
0.150000
0.150000
0.141112
-0.082588
0.013461
-0.115493
0.150000
0.150000
0.031946
-0.098571
-0.041225
0.150000
-0.122476
0.029814
0.062644
0.150000
0.150000
0.072807
-0.029523
0.021639
0.150000
-0.121484
-0.137851
-0.075393
0.150000
0.138587
0.150000
-0.121877
-0.111014
-0.012620
0.150000
